0 145 192
0 123 183
0 198 212
0 191 211
0 172 209
0 151 203
0 157 200
0 139 196
0 130 168
0 127 172
0 139 199
0 120 180
0 140 189
0 210 233
0 127 185
0 152 195
0 168 198
0 141 177
0 167 204
0 218 238
0 174 188
0 152 199
0 149 183
0 182 208
0 156 208
0 165 204
0 208 230
0 142 194
0 170 215
0 150 202
0 125 171
0 156 195
0 161 211
0 149 165
0 141 172
0 141 187
0 155 194
0 129 188
0 139 169
0 172 212
0 154 175
0 124 183
0 168 201
0 174 198
0 184 221
0 209 234
0 176 212
0 125 176
0 152 183
0 210 228
0 183 210
0 203 230
0 149 168
0 176 207
0 220 240
0 146 199
0 136 175
0 144 196
0 151 179
0 149 206
0 139 182
0 143 197
0 178 207
0 138 192
0 144 193
0 144 191
0 126 184
0 142 166
0 169 217
0 156 196
0 178 208
0 161 210
0 196 222
0 135 184
0 157 170
0 146 211
0 151 168
0 176 224
0 174 220
0 196 222
0 171 216
0 157 169
0 188 209
0 151 193
0 169 182
0 160 210
0 156 177
0 159 176
0 142 189
0 122 180
0 149 167
0 141 184
0 142 201
0 135 194
0 187 207
0 152 202
0 161 206
0 133 187
0 141 196
0 171 216
0 176 207
0 159 205
0 148 194
0 161 203
0 169 197
0 194 214
0 152 204
0 141 198
0 200 230
0 169 208
0 184 220
0 176 211
0 190 208
0 166 209
0 130 196
0 156 175
0 140 190
0 125 188
0 144 181
0 144 166
0 188 212
0 143 182
0 160 210
0 162 183
0 189 224
0 136 170
0 142 193
0 194 221
0 195 215
0 171 192
0 170 203
0 144 181
0 132 180
0 159 217
0 198 221
0 133 181
0 133 192
0 159 201
0 146 196
0 152 201
0 134 176
0 162 181
0 142 210
0 148 192
0 157 203
0 194 227
0 154 202
0 173 218
0 118 178
0 169 212
0 131 185
0 156 159
0 163 165
0 200 226
0 162 206
0 198 222
0 206 222
0 170 211
0 153 199
0 143 187
0 121 180
0 172 184
0 223 242
0 163 207
0 137 194
0 175 217
0 207 231
0 135 193
0 161 200
0 169 186
0 176 219
0 199 221
0 148 204
0 147 180
0 182 216
0 182 207
0 169 212
0 210 234
0 162 202
0 170 191
0 121 180
0 142 188
0 204 216
0 184 241
0 168 202
0 221 240
0 142 166
0 157 209
0 149 197
0 205 223
0 176 212
0 187 218
0 158 203
0 176 198
0 169 213
0 187 218
0 179 220
0 151 196
0 181 204
0 147 210
0 159 210
0 131 176
0 138 195
0 141 170
0 154 204
0 158 171
0 143 168
0 168 207
0 108 185
0 139 194
0 166 208
0 125 184
0 173 197
0 172 212
0 143 201
0 178 210
0 174 196
0 157 179
0 130 186
0 169 211
0 189 208
0 206 235
0 151 165
0 183 216
0 131 184
0 137 174
0 152 202
0 127 188
0 200 211
0 155 210
0 175 206
0 132 189
0 170 182
0 127 181
0 165 176
0 141 191
0 206 231
0 184 207
0 170 177
0 131 183
0 174 222
0 176 213
0 168 211
0 167 216
0 174 209
0 143 195
0 172 205
0 166 210
0 137 184
0 163 185
0 170 175
0 169 198
0 162 187
0 164 192
0 125 178
0 164 169
0 137 173
0 133 186
0 170 210
0 157 170
0 162 171
0 146 194
0 235 200
0 147 192
0 155 181
0 179 214
0 151 202
0 161 190
0 128 174
0 137 182
0 118 175
0 207 230
0 147 166
0 206 226
0 171 193
0 139 209
0 148 186
0 146 169
0 171 216
0 155 211
0 138 179
0 161 206
0 156 169
0 151 195
0 149 197
0 143 199
0 141 196
0 166 211
0 158 190
0 157 200
0 175 219
0 137 182
0 135 194
0 154 205
0 148 187
0 145 194
0 183 180
0 164 203
0 154 173
0 152 204
0 148 203
0 146 179
0 143 174
0 184 213
0 173 207
0 165 177
0 170 211
0 165 184
0 143 188
0 169 219
0 176 213
0 147 202
0 140 195
0 180 222
0 172 193
0 143 192
0 139 185
0 146 191
0 171 216
0 149 214
0 167 209
0 162 211
0 167 192
0 182 215
0 150 197
0 198 216
0 178 180
0 138 193
0 163 172
0 147 197
0 205 226
0 178 221
0 197 221
0 196 229
0 223 242
0 133 178
0 168 218
0 141 173
0 221 241
0 201 229
0 152 195
0 207 226
0 177 219
0 170 217
0 147 200
0 141 193
0 141 193
0 162 206
0 138 188
0 120 172
0 128 174
0 133 198
0 184 224
0 174 187
0 119 185
0 135 180
0 221 240
0 132 185
0 194 219
0 170 205
0 127 189
0 175 216
0 121 180
0 170 181
0 169 181
0 152 190
0 170 210
0 191 219
0 170 212
0 194 221
0 183 187
0 193 223
0 222 238
0 216 236
0 128 189
0 155 201
0 182 190
0 143 199
0 163 172
0 163 167
0 135 177
0 146 189
0 154 206
0 247 254
0 197 210
0 188 194
0 137 182
0 178 204
0 220 240
0 151 197
0 207 225
0 142 188
0 136 166
0 144 203
0 137 212
0 175 219
0 174 206
0 180 214
0 118 178
0 229 247
0 181 222
0 133 173
0 191 214
0 193 219
0 136 172
0 175 177
0 131 164
0 165 184
0 158 208
0 158 204
0 205 231
0 153 203
0 138 181
0 123 183
0 117 170
0 189 215
0 142 211
0 127 173
0 190 209
0 167 171
0 125 177
0 196 220
0 137 191
0 147 169
0 136 184
0 218 238
0 149 164
0 154 186
0 151 202
0 157 195
0 158 198
0 160 205
0 181 220
0 148 203
0 175 218
0 184 202
0 177 215
0 206 230
0 190 216
0 172 215
0 183 199
0 175 202
0 170 218
0 151 209
0 179 189
0 168 188
0 192 202
0 128 177
0 192 218
0 144 187
0 148 212
0 193 217
0 169 209
0 131 166
0 179 222
0 185 202
0 226 245
0 147 170
0 142 172
0 181 210
0 125 176
0 161 207
0 132 187
0 135 180
0 176 214
0 126 172
0 172 213
0 129 171
0 162 207
0 134 185
0 179 202
0 192 215
0 193 223
0 135 178
0 197 216
0 156 197
0 207 233
0 183 210
0 147 166
0 176 175
0 198 209
0 225 246
0 179 218
0 134 201
0 153 197
0 175 208
0 157 176
0 145 177
0 119 178
0 190 194
0 151 204
0 163 186
0 149 195
0 171 218
0 160 194
0 175 213
0 146 168
0 163 166
0 181 195
0 141 192
0 164 211
0 133 171
0 134 175
0 132 193
0 176 200
0 168 213
0 137 181
0 171 211
0 187 203
0 174 214
0 176 202
0 200 223
0 140 183
0 198 213
0 161 214
0 221 240
0 164 203
0 160 204
0 166 211
0 168 202
0 214 191
0 186 217
0 164 177
0 126 183
0 174 218
0 169 182
0 185 208
0 183 215
0 132 164
0 212 232
0 141 181
0 154 190
0 135 183
0 150 177
0 174 209
0 130 166
0 147 190
0 182 194
0 154 198
0 152 204
0 160 191
0 169 188
0 172 188
0 136 166
0 168 202
0 141 194
0 141 180
0 180 191
0 192 213
0 161 209
0 145 185
0 149 166
0 122 179
0 196 183
0 168 211
0 178 195
0 128 180
0 170 194
0 153 180
0 172 189
0 131 171
0 157 181
0 187 213
0 181 195
0 226 244
0 143 167
0 179 204
0 158 202
0 173 210
0 179 211
0 149 200
0 126 185
0 167 218
0 149 178
0 149 209
0 164 194
0 196 228
0 158 217
0 164 212
0 181 214
0 164 196
0 153 205
0 138 202
0 145 168
0 152 183
0 167 186
0 127 170
0 168 178
0 178 199
0 143 210
0 176 218
0 134 189
0 143 186
0 203 230
0 134 177
0 157 206
0 168 174
0 139 198
0 185 214
0 165 207
0 132 177
0 183 194
0 161 207
0 158 194
0 159 212
0 197 218
0 216 239
0 162 204
0 172 194
0 210 231
0 148 182
0 161 209
0 144 196
0 151 185
0 165 167
0 162 177
0 160 179
0 173 197
0 144 190
0 135 187
0 210 236
0 138 188
0 193 209
0 127 184
0 184 218
0 180 217
0 158 182
0 135 171
0 163 205
0 143 197
0 135 169
0 139 182
0 201 219
0 129 172
0 199 221
0 166 196
0 170 214
0 179 213
0 146 206
0 150 163
0 151 171
0 136 192
0 172 220
0 154 191
0 135 189
0 172 188
0 156 195
0 146 196
0 162 213
0 235 253
0 191 213
0 135 177
0 163 184
0 160 206
0 159 206
0 146 209
0 186 198
0 187 209
0 160 203
0 156 177
0 148 203
0 198 227
0 127 178
0 184 219
0 152 200
0 193 223
0 130 176
0 156 174
0 160 212
0 162 176
0 145 204
0 168 194
0 167 213
0 142 172
0 119 179
0 164 204
0 160 174
0 141 170
0 209 228
0 138 181
0 131 166
0 180 220
0 154 168
0 172 217
0 150 170
0 151 197
0 163 210
0 141 175
0 137 198
0 141 196
0 198 223
0 179 172
0 174 217
0 181 194
0 178 216
0 138 188
0 136 178
0 157 204
0 132 194
0 161 206
0 161 207
0 138 197
0 180 191
0 141 210
0 177 206
0 142 177
0 159 178
0 204 220
0 150 191
0 151 188
0 168 214
0 188 223
0 142 168
0 218 239
0 133 173
0 213 235
0 165 202
0 170 217
0 193 218
0 208 234
0 183 216
0 184 214
0 141 188
0 176 171
0 141 171
0 187 214
0 149 179
0 182 208
0 180 216
0 122 171
0 214 237
0 162 205
0 218 239
0 141 198
0 149 168
0 146 202
0 146 201
0 142 210
0 175 217
0 142 196
0 154 168
0 178 222
0 185 208
0 140 175
0 169 161
0 168 210
0 166 209
0 131 185
0 124 181
0 162 213
0 148 198
0 158 208
0 172 217
0 172 209
0 160 175
0 152 196
0 156 205
0 160 195
0 148 209
0 210 235
0 161 213
0 157 200
0 147 169
0 153 182
0 151 213
0 227 244
0 172 213
0 177 205
0 207 227
0 154 185
0 223 240
0 175 214
0 163 179
0 177 189
0 135 174
0 123 181
0 134 188
0 120 184
0 135 193
0 148 185
0 191 217
0 151 201
0 182 213
0 199 221
0 139 196
0 177 215
0 133 195
0 173 212
0 180 223
0 145 158
0 163 185
0 195 227
0 155 170
0 152 202
0 147 201
0 139 188
0 169 211
0 181 207
0 166 172
0 162 203
0 195 221
0 153 160
0 203 227
0 142 166
0 154 200
0 194 211
0 196 219
0 128 192
0 128 171
0 146 179
0 165 177
0 178 183
0 189 223
0 133 165
0 153 166
0 129 189
0 140 199
0 149 196
0 222 241
0 149 195
0 193 210
0 150 201
0 180 201
0 203 228
0 158 205
0 218 240
0 168 213
0 195 226
0 173 195
0 149 177
0 165 206
0 136 194
0 173 219
0 141 176
0 158 196
0 189 223
0 161 191
0 188 203
0 220 241
0 169 212
0 165 206
0 168 183
0 160 169
0 174 191
0 210 236
0 147 176
0 124 187
0 169 209
0 157 188
0 153 187
0 173 195
0 170 219
0 150 204
0 127 189
0 143 187
0 116 180
0 161 186
0 146 203
0 144 196
0 159 211
0 145 182
0 169 211
0 152 177
0 163 206
0 150 201
0 178 200
0 121 170
0 160 200
0 149 203
0 174 198
0 189 214
0 168 194
0 143 193
0 187 215
0 153 199
0 172 208
0 168 180
0 171 204
0 183 210
0 166 188
0 196 219
0 177 211
0 151 205
0 149 181
0 123 179
0 175 219
0 166 202
0 167 169
0 193 226
0 166 204
0 185 206
0 218 201
0 154 198
0 170 215
0 172 219
0 161 211
0 154 178
0 135 174
0 168 202
0 143 180
0 153 180
0 159 212
0 142 189
0 143 171
0 141 175
0 149 185
0 135 185
0 150 186
0 203 220
0 164 212
0 141 176
0 143 196
0 169 197
0 153 185
0 138 195
0 180 217
0 161 184
0 148 204
0 215 238
0 135 191
0 180 219
0 134 188
0 177 213
0 198 225
0 167 214
0 140 179
0 160 205
0 164 205
0 129 178
0 146 173
0 119 179
0 199 225
0 150 165
0 150 202
0 199 217
0 169 202
0 136 195
0 137 172
0 160 203
0 165 193
0 118 175
0 174 176
0 163 204
0 153 201
0 134 191
0 171 223
0 219 241
0 178 219
0 170 181
0 166 188
0 182 223
0 204 229
0 136 196
0 170 199
0 169 215
0 154 189
0 129 187
0 142 173
0 218 238
0 185 216
0 221 240
0 174 180
0 171 216
0 167 183
0 150 199
0 137 187
0 175 218
0 143 169
0 185 222
0 203 230
0 194 220
0 141 175
0 176 227
0 171 211
0 154 204
1 104 134
1 112 141
1 140 148
1 118 164
1 119 150
1 72 106
1 122 169
1 121 167
1 144 149
1 111 127
1 104 140
1 57 95
1 103 111
1 108 155
1 121 147
1 110 140
1 140 144
1 92 131
1 106 131
1 108 153
1 128 163
1 101 145
1 70 108
1 125 132
1 104 139
1 78 125
1 134 166
1 122 160
1 77 116
1 113 147
1 120 162
1 104 122
1 92 131
1 122 154
1 85 123
1 113 156
1 64 98
1 115 136
1 131 154
1 105 141
1 126 144
1 112 166
1 106 145
1 100 112
1 129 144
1 132 144
1 92 126
1 107 135
1 136 164
1 108 122
1 114 122
1 101 138
1 101 137
1 70 114
1 89 133
1 111 148
1 86 133
1 124 159
1 121 156
1 108 135
1 109 153
1 119 158
1 9 40
1 130 138
1 92 132
1 112 153
1 70 135
1 118 156
1 105 126
1 132 159
1 88 135
1 92 127
1 102 148
1 119 150
1 88 129
1 100 133
1 127 156
1 61 88
1 142 161
1 125 140
1 110 149
1 79 117
1 119 150
1 74 130
1 114 150
1 97 131
1 138 145
1 113 157
1 90 132
1 112 126
1 88 118
1 136 152
1 84 141
1 95 124
1 119 151
1 124 146
1 112 145
1 134 159
1 98 146
1 120 154
1 62 81
1 112 141
1 102 134
1 53 106
1 130 138
1 66 112
1 120 149
1 109 164
1 70 102
1 118 150
1 96 140
1 93 126
1 105 159
1 111 118
1 122 165
1 132 138
1 126 147
1 101 151
1 122 133
1 112 155
1 108 109
1 111 162
1 119 137
1 111 155
1 92 106
1 116 155
1 102 140
1 122 151
1 59 99
1 97 142
1 133 158
1 109 161
1 97 133
1 134 158
1 100 140
1 123 152
1 60 115
1 123 146
1 126 150
1 116 130
1 113 138
1 128 133
1 117 148
1 123 160
1 94 125
1 62 89
1 96 138
1 128 161
1 111 142
1 77 114
1 61 103
1 123 150
1 113 125
1 80 121
1 77 113
1 116 144
1 56 97
1 113 125
1 71 116
1 118 149
1 120 150
1 97 130
1 91 133
1 126 161
1 145 158
1 142 162
1 49 74
1 87 138
1 92 127
1 104 116
1 116 123
1 117 144
1 78 108
1 130 142
1 114 151
1 114 132
1 106 141
1 73 103
1 113 116
1 118 147
1 113 155
1 118 124
1 36 71
1 88 134
1 39 86
1 124 145
1 128 171
1 113 143
1 83 125
1 112 148
1 54 123
1 34 56
1 107 135
1 121 130
1 62 106
1 100 156
1 92 130
1 114 146
1 90 128
1 122 167
1 121 127
1 81 117
1 118 149
1 117 148
1 138 148
1 89 113
1 75 108
1 130 158
1 132 154
1 105 146
1 70 119
1 97 122
1 100 131
1 122 154
1 101 157
1 112 154
1 125 142
1 76 95
1 102 156
1 106 136
1 108 139
1 64 108
1 101 143
1 128 137
1 127 146
1 111 157
1 113 145
1 98 148
1 127 136
1 120 149
1 106 149
1 106 153
1 94 131
1 139 154
1 56 103
1 113 147
1 128 135
1 121 167
1 109 128
1 116 139
1 70 124
1 121 133
1 122 148
1 101 112
1 72 103
1 109 153
1 98 118
1 101 133
1 116 128
1 85 110
1 127 163
1 120 157
1 108 135
1 104 164
1 121 159
1 109 143
1 92 122
1 113 142
1 136 161
1 127 156
1 126 152
1 103 127
1 119 153
1 93 128
1 115 149
1 120 145
1 104 133
1 113 139
1 98 139
1 124 152
1 118 130
1 59 99
1 128 152
1 151 146
1 93 152
1 71 115
1 92 137
1 117 130
1 139 161
1 127 158
1 38 81
1 62 109
1 108 140
1 144 156
1 70 107
1 131 161
1 121 156
1 106 151
1 138 160
1 71 113
1 103 136
1 81 128
1 110 142
1 103 127
1 111 161
1 102 137
1 145 159
1 131 156
1 134 164
1 93 133
1 102 130
1 106 142
1 57 100
1 118 140
1 69 104
1 90 129
1 139 158
1 90 119
1 112 164
1 56 108
1 107 164
1 148 149
1 135 151
1 82 130
1 99 131
1 91 132
1 96 132
1 128 131
1 122 177
1 143 150
1 83 136
1 112 127
1 135 151
1 121 138
1 97 130
1 86 101
1 73 118
1 109 174
1 94 140
1 117 147
1 148 152
1 139 148
1 117 143
1 131 166
1 71 114
1 114 150
1 111 130
1 110 150
1 95 146
1 130 153
1 132 151
1 104 174
1 107 129
1 119 149
1 84 117
1 108 113
1 118 147
1 87 141
1 128 154
1 87 118
1 136 165
1 59 91
1 128 132
1 101 137
1 135 143
1 75 120
1 120 149
1 65 99
1 127 161
1 140 148
1 113 150
1 122 134
1 113 142
1 83 120
1 112 158
1 136 146
1 102 122
1 68 124
1 131 150
1 112 141
1 86 121
1 110 146
1 68 107
1 138 158
1 92 136
1 110 148
1 116 129
1 81 113
1 80 81
1 109 136
1 118 170
1 132 144
1 134 152
1 103 136
1 125 154
1 94 112
1 158 142
1 91 137
1 23 70
1 111 136
1 87 108
1 67 114
1 112 140
1 102 137
1 114 139
1 91 137
1 123 151
1 86 127
1 113 160
1 129 147
1 120 129
1 141 162
1 114 148
1 142 156
1 105 116
1 117 132
1 83 124
1 113 145
1 99 133
1 114 154
1 97 153
1 133 169
1 103 144
1 79 117
1 131 153
1 137 154
1 147 153
1 92 127
1 78 107
1 104 152
1 101 127
1 113 166
1 130 164
1 91 130
1 42 71
1 135 164
1 105 109
1 78 123
1 101 146
1 116 162
1 100 125
1 125 156
1 140 163
1 125 154
1 102 143
1 99 146
1 81 118
1 95 128
1 129 150
1 99 111
1 145 144
1 90 139
1 94 137
1 131 150
1 134 160
1 107 143
1 97 116
1 124 161
1 97 161
1 100 140
1 111 148
1 129 134
1 96 137
1 124 157
1 106 110
1 104 133
1 121 133
1 127 156
1 117 143
1 145 165
1 119 129
1 62 88
1 110 145
1 115 152
1 126 152
1 101 136
1 136 163
1 75 114
1 115 124
1 118 147
1 82 116
1 106 152
1 72 114
1 87 132
1 102 129
1 124 130
1 88 140
1 64 81
1 86 121
1 119 162
1 105 156
1 66 104
1 81 113
1 125 147
1 86 120
1 119 157
1 95 133
1 117 146
1 131 139
1 83 112
1 121 151
1 124 126
1 106 168
1 91 121
1 133 163
1 102 146
1 95 140
1 117 164
1 115 158
1 109 122
1 106 113
1 66 100
1 135 156
1 128 143
1 117 136
1 82 117
1 62 91
1 162 157
1 103 150
1 122 123
1 84 115
1 136 167
1 112 146
1 96 127
1 103 153
1 134 160
1 110 123
1 151 148
1 111 157
1 85 126
1 101 140
1 133 142
1 70 107
1 113 130
1 72 110
1 97 105
1 102 129
1 113 145
1 128 172
1 47 61
1 117 147
1 78 124
1 100 126
1 103 131
1 106 140
1 62 88
1 106 148
1 103 123
1 96 138
1 130 167
1 107 152
1 126 165
1 99 127
1 119 124
1 124 158
1 93 121
1 133 173
1 51 91
1 114 154
1 115 147
1 139 157
1 109 141
1 128 137
1 111 156
1 92 133
1 126 164
1 140 162
1 111 159
1 50 98
1 100 126
1 113 149
1 103 152
1 81 128
1 83 135
1 117 134
1 106 141
1 112 136
1 83 137
1 104 116
1 91 136
1 124 151
1 55 95
1 71 109
1 108 144
1 124 134
1 88 124
1 118 138
1 102 137
1 104 130
1 99 135
1 126 161
1 94 146
1 116 154
1 39 79
1 84 127
1 99 135
1 92 159
1 105 139
1 99 111
1 81 121
1 111 152
1 98 134
1 115 135
1 134 154
1 95 108
1 123 158
1 77 119
1 115 127
1 63 114
1 126 133
1 121 151
1 116 145
1 83 124
1 136 158
1 103 142
1 85 117
1 107 146
1 112 124
1 123 165
1 107 154
1 102 125
1 157 157
1 82 125
1 122 162
1 93 142
1 95 136
1 104 143
1 103 137
1 115 138
1 89 119
1 110 149
1 122 170
1 131 137
1 119 152
1 130 151
1 102 134
1 106 133
1 73 104
1 23 84
1 98 124
1 102 128
1 110 117
1 86 138
1 122 160
1 110 122
1 107 144
1 122 161
1 103 141
1 121 158
1 115 150
1 111 149
1 138 143
1 109 146
1 90 116
1 90 132
1 122 164
1 115 127
1 108 144
1 84 126
1 106 132
1 126 157
1 87 107
1 122 126
1 119 154
1 130 156
1 137 159
1 95 130
1 91 122
1 88 125
1 25 75
1 92 138
1 114 170
1 125 151
1 116 171
1 134 165
1 40 80
1 122 129
1 114 167
1 122 132
1 113 121
1 107 145
1 137 161
1 106 146
1 51 100
1 90 139
1 117 137
1 70 105
1 137 140
1 105 138
1 109 137
1 131 152
1 99 113
1 135 147
1 122 153
1 86 123
1 135 166
1 107 141
1 132 162
1 68 113
1 133 165
1 147 150
1 113 145
1 65 105
1 109 122
1 106 126
1 110 131
1 102 144
1 131 144
1 107 140
1 124 135
1 109 144
1 109 116
1 143 162
1 66 107
1 80 125
1 134 155
1 102 136
1 111 143
1 116 146
1 84 119
1 118 173
1 112 151
1 109 151
1 111 125
1 132 161
1 16 50
1 84 120
1 137 162
1 109 153
1 94 140
1 108 114
1 146 157
1 79 115
1 93 125
1 112 136
1 133 137
1 106 142
1 113 171
1 107 164
1 113 148
1 107 110
1 134 160
1 114 164
1 94 121
1 98 128
1 136 144
1 111 141
1 117 152
1 114 119
1 132 166
1 122 129
1 118 134
1 105 140
1 114 126
1 122 161
1 152 119
1 88 130
1 111 145
1 137 156
1 90 147
1 136 167
1 107 150
1 58 106
1 137 142
1 121 126
1 57 104
1 59 100
1 87 125
1 105 149
1 145 149
1 85 130
1 95 137
1 81 118
1 121 160
1 121 159
1 111 144
1 88 124
1 20 50
1 138 141
1 93 123
1 117 124
1 112 145
1 111 138
1 124 134
1 140 151
1 86 126
1 145 152
1 108 138
1 112 131
1 81 132
1 125 150
1 77 121
1 88 122
1 126 156
1 96 130
1 112 138
1 101 133
1 126 145
1 125 130
1 95 127
1 105 130
1 127 160
1 120 122
1 117 147
1 117 155
1 102 147
1 103 137
1 111 154
1 84 119
1 113 152
1 118 139
1 142 161
1 136 141
1 122 133
1 140 146
1 124 149
1 93 127
1 128 159
1 89 128
1 68 129
1 78 136
1 104 129
1 121 126
1 113 152
1 94 131
1 117 143
1 97 129
1 128 154
1 109 156
1 35 69
1 114 162
1 119 150
1 123 165
1 115 147
1 79 120
1 105 142
1 146 155
1 116 164
1 108 122
1 115 150
1 141 158
1 114 166
1 103 148
1 99 142
1 89 124
1 6 44
1 100 111
1 104 133
1 112 120
1 113 143
1 114 121
1 115 153
1 109 119
1 92 121
1 108 130
1 66 98
1 106 140
1 74 112
1 76 121
1 116 136
1 129 165
1 92 141
1 15 47
1 113 151
1 104 149
1 91 127
1 92 132
1 142 150
1 52 105
1 128 167
1 97 132
1 105 165
1 97 129
1 103 124
1 131 153
1 99 144
1 121 161
1 88 128
1 89 118
1 133 135
1 116 139
1 118 157
1 127 137
1 129 164
1 63 112
1 116 158
1 104 147
1 118 156
1 135 146
1 106 140
1 112 156
1 62 93
1 103 130
1 122 153
1 101 150
1 132 154
1 86 130
1 72 112
1 96 145
1 108 144
1 104 148
1 130 165
1 101 125
1 108 159
1 116 137
1 101 134
1 109 122
1 107 144
1 131 165
1 84 119
1 119 155
1 46 94
1 131 157
1 116 145
1 112 168
1 129 167
1 102 116
1 70 127
1 106 117
1 78 126
1 128 164
1 138 143
1 107 144
1 139 160
1 99 150
1 132 137
1 70 104
1 131 145
1 132 152
1 110 163
1 54 86
1 90 129
1 67 88
1 104 139
1 94 140
1 108 144
1 99 112
1 135 144
1 51 85
1 112 125
1 94 124
1 99 135
1 130 162
1 97 133
1 126 151
1 111 131
1 116 136
1 96 138
1 65 132
1 82 133
1 64 103
1 117 125
1 131 155
1 108 137
1 101 134
1 129 162
1 105 134
1 71 129
1 130 158
1 123 153
1 74 112
1 98 146
1 121 139
1 115 127
1 114 148
1 113 145
1 120 134
1 122 128
1 62 110
1 122 159
1 123 161
1 106 169
1 115 146
1 117 144
1 108 152
1 100 135
1 87 133
1 106 131
1 122 128
1 95 123
1 105 136
1 126 155
1 107 150
1 117 144
1 112 131
1 133 149
1 103 137
1 123 136
1 101 122
1 116 128
1 113 123
1 99 140
1 95 139
1 110 156
1 93 143
1 127 157
1 97 133
1 122 153
1 115 144
1 90 123
1 58 90
1 82 133
1 88 124
1 50 87
1 142 149
1 94 133
1 122 151
1 70 108
1 95 135
1 69 124
1 105 112
1 100 131
1 73 106
1 104 130
1 102 140
1 69 109
1 126 163
1 115 157
1 96 136
1 90 143
1 118 141
1 89 119
1 111 146
1 131 153
1 89 126
1 117 147
1 127 141
1 114 130
1 87 132
1 77 123
1 122 131
1 92 143
1 77 112
1 101 137
1 111 137
